Hydrolab MS5 47228
Log File Name : 27h_exper
Setup Date (DD.MM.YYYY) : 23.06.2017
Setup Time (HH:MM:SS) : 10:14:58
Starting Date (DD.MM.YYYY) : 04.07.2017
Starting Time (HH:MM:SS) : 06:00:00
Stopping Date (DD.MM.YYYY) : 13.07.2017
Stopping Time (HH:MM:SS) : 18:00:00
Interval (HH:MM:SS) : 01:00:00
Sensor warmup (HH:MM:SS) : 00:02:00
Circltr warmup (HH:MM:SS) : 00:02:00

  Time    Dep100   Temp SpCond SpCond    LDO   LDO%     pH    TDG    TDG    TDG    Res    Sal    TDS DepthX DepthY     BP    ORP  IBatt  EBatt
HH:MM:SS  meters     ∞C  mS/cm  µS/cm   mg/l    Sat  Units   mmHg   psia     mV  k€-cm    ppt    g/l  volts mvolts   mmHg     mV  Volts  Volts

Date (DD.MM.YYYY) : 04.07.2017
06:00:00     -0.36  20.83    0.0      1   6.14   68.3   6.49    727  14.06  12.01   1851   0.01    0.0  0.907   1.11    764      -N  11.1    0.0 
07:00:00     -0.39  19.24    0.0      1   4.92   53.0   6.40    719  13.90  11.87   1864   0.01    0.0  0.904   1.10    764      -N  11.0    0.0 
08:00:00     -0.36  20.63    0.0      1   5.98   66.3   6.52    730  14.12  12.06   1482   0.01    0.0  0.906   1.10    764      -N  11.0    0.0 
09:00:00     -0.23  18.89    0.2    166   4.66   49.9   7.33    734  14.20  12.13      6   0.08    0.1  0.903   1.11    764      -N  11.0    0.0 
10:00:00     -0.27  18.94    0.2    166   4.70   50.3   7.54    736  14.23  12.16      6   0.08    0.1  0.904   1.11    764      -N  10.9    0.0 
11:00:00     -0.26  19.03    0.2    166   4.76   51.1   7.57    737  14.26  12.18      6   0.08    0.1  0.905   1.11    764      -N  10.9    0.0 
12:00:00     -0.27  19.15    0.2    166   4.85   52.1   7.59    739  14.29  12.20      6   0.08    0.1  0.905   1.11    764      -N  10.9    0.0 
13:00:00     -0.28  19.28    0.2    166   4.95   53.4   7.62    741  14.32  12.23      6   0.08    0.1  0.905   1.11    764      -N  10.9    0.0 
14:00:00     -0.27  19.24    0.2    166   4.92   53.0   7.64    741  14.33  12.24      6   0.08    0.1  0.905   1.11    764      -N  10.8    0.0 
15:00:00     -0.26  19.47    0.2    166   5.10   55.2   7.66    743  14.37  12.27      6   0.08    0.1  0.905   1.11    764      -N  10.8    0.0 
16:00:00     -0.26  19.59    0.2    166   5.18   56.2   7.75    745  14.42  12.31      6   0.08    0.1  0.905   1.11    764      -N  10.8    0.0 
17:00:00     -0.27  19.77    0.2    166   5.31   57.9   7.72    748  14.46  12.35      6   0.08    0.1  0.905   1.11    764      -N  10.8    0.0 
18:00:00     -0.26  19.71    0.2    166  60.00# 900.0#  7.74    747  14.45  12.34      6   0.08    0.1  0.905   1.11    764      -N  10.8    0.0 
19:00:00     -0.27  19.37    0.2    166  60.00# 900.0#  7.78    745  14.40  12.30      6   0.08    0.1  0.905   1.11    764      -N  10.8    0.0 
20:00:00     -0.25  19.21    0.2    166   4.90   52.8   7.82    743  14.36  12.26      6   0.08    0.1  0.905   1.11    764      -N  10.8    0.0 
21:00:00     -0.25  19.17    0.2    166   4.87   52.4   7.81    741  14.33  12.24      6   0.08    0.1  0.905   1.11    764      -N  10.8    0.0 
22:00:00     -0.26  19.06    0.2    166   4.79   51.4   7.75    740  14.31  12.22      6   0.08    0.1  0.905   1.11    764      -N  10.8    0.0 
23:00:00     -0.26  19.01    0.2    166   4.75   51.0   7.75    739  14.29  12.20      6   0.08    0.1  0.904   1.11    764      -N  10.8    0.0 
00:00:00     -0.24  18.95    0.2    165   4.71   50.5   7.74    738  14.26  12.18      6   0.08    0.1  0.904   1.11    764      -N  10.8    0.0 
01:00:00     -0.25  18.90    0.2    165   4.67   50.0   7.67    736  14.24  12.16      6   0.08    0.1  0.904   1.11    764      -N  10.8    0.0 
02:00:00     -0.27  18.86    0.2    166   4.64   49.7   7.63    735  14.22  12.15      6   0.08    0.1  0.904   1.11    764      -N  10.8    0.0 
03:00:00     -0.28  18.81    0.2    166   4.61   49.2   7.58    734  14.20  12.12      6   0.08    0.1  0.904   1.11    764      -N  10.8    0.0 
04:00:00     -0.28  18.82    0.2    166   4.61   49.2   7.56    734  14.18  12.11      6   0.08    0.1  0.904   1.11    764      -N  10.8    0.0 
05:00:00     -0.28  18.75    0.2    165   4.56   48.6   7.56    733  14.17  12.11      6   0.08    0.1  0.904   1.11    764      -N  10.8    0.0 
06:00:00     -0.29  18.76    0.2    166   4.57   48.7   7.56    733  14.18  12.11      6   0.08    0.1  0.904   1.11    764      -N  10.7    0.0 
07:00:00     -0.26  18.78    0.2    166   4.58   48.9   7.63    733  14.18  12.11      6   0.08    0.1  0.904   1.11    764      -N  10.7    0.0 
08:00:00     -0.27  18.83    0.2    166   4.62   49.4   7.66    734  14.20  12.13      6   0.08    0.1  0.904   1.11    764      -N  10.7    0.0 
09:00:00     -0.28  18.88    0.2    166   4.65   49.8   7.66    736  14.24  12.16      6   0.08    0.1  0.904   1.11    764      -N  10.7    0.0 
10:00:00     -0.27  19.13    0.2    166   4.84   52.1   7.69    738  14.27  12.19      6   0.08    0.1  0.904   1.11    764      -N  10.7    0.0 
11:00:00     -0.27  19.13    0.2    165   4.84   52.0   7.71    740  14.31  12.22      6   0.08    0.1  0.905   1.11    764      -N  10.7    0.0 
12:00:00     -0.28  19.52    0.2    166   5.13   55.6   7.71    744  14.39  12.29      6   0.08    0.1  0.905   1.11    764      -N  10.7    0.0 
13:00:00     -0.28  19.49    0.2    166   5.11   55.3   7.75    745  14.41  12.30      6   0.08    0.1  0.905   1.11    764      -N  10.7    0.0 
14:00:00     -0.27  19.65    0.2    166   5.22   56.8   7.78    747  14.44  12.33      6   0.08    0.1  0.905   1.11    764      -N  10.7    0.0 
15:00:00     -0.28  19.67    0.2    166  60.00# 900.0#  7.79    748  14.47  12.36      6   0.08    0.1  0.905   1.11    764      -N  10.7    0.0 
16:00:00     -0.27  19.58    0.2    166  60.00# 900.0#  7.82    748  14.46  12.34      6   0.08    0.1  0.905   1.11    764      -N  10.7    0.0 
17:00:00     -0.27  19.36    0.2    166  60.00# 900.0#  7.86    746  14.42  12.32      6   0.08    0.1  0.905   1.11    764      -N  10.7    0.0 
18:00:00     -0.27  19.30    0.2    166  60.00# 900.0#  7.87    745  14.41  12.30      6   0.08    0.1  0.905   1.11    764      -N  10.6    0.0 
19:00:00     -0.29  19.15    0.2    166   4.85   52.2   7.92    744  14.39  12.29      6   0.08    0.1  0.905   1.11    764      -N  10.6    0.0 
20:00:00     -0.28  19.12    0.2    166  60.00# 900.0#  7.91    743  14.37  12.27      6   0.08    0.1  0.905   1.11    764      -N  10.6    0.0 
21:00:00     -0.27  19.26    0.2    166   4.93   53.2   7.84    742  14.35  12.26      6   0.08    0.1  0.905   1.11    764      -N  10.6    0.0 
22:00:00     -0.27  19.09    0.2    166   4.81   51.7   7.86    740  14.32  12.23      6   0.08    0.1  0.905   1.11    764      -N  10.6    0.0 
23:00:00     -0.27  18.98    0.2    166   4.72   50.7   7.88    740  14.30  12.21      6   0.08    0.1  0.904   1.11    764      -N  10.6    0.0 
00:00:00     -0.27  18.82    0.2    165   4.61   49.2   7.85    739  14.28  12.20      6   0.08    0.1  0.904   1.11    764      -N  10.6    0.0 
01:00:00     -0.24  18.78    0.2    165   4.58   48.9   7.80    738  14.27  12.18      6   0.08    0.1  0.904   1.11    764      -N  10.6    0.0 
02:00:00     -0.25  18.72    0.2    166   4.53   48.4   7.75    737  14.25  12.17      6   0.08    0.1  0.904   1.11    764      -N  10.6    0.0 
03:00:00     -0.26  18.67    0.2    165   4.50   48.0   7.75    736  14.23  12.16      6   0.08    0.1  0.904   1.11    764      -N  10.6    0.0 
04:00:00     -0.26  18.64    0.2    165   4.48   47.7   7.72    735  14.22  12.14      6   0.08    0.1  0.904   1.11    764      -N  10.6    0.0 
05:00:00     -0.26  18.65    0.2    165   4.48   47.8   7.72    735  14.21  12.13      6   0.08    0.1  0.904   1.11    764      -N  10.6    0.0 
06:00:00     -0.27  18.63    0.2    165   4.47   47.6   7.67    735  14.21  12.13      6   0.08    0.1  0.904   1.11    764      -N  10.6    0.0 
07:00:00     -0.26  18.69    0.2    166   4.51   48.1   7.72    735  14.21  12.14      6   0.08    0.1  0.904   1.11    764      -N  10.6    0.0 
08:00:00     -0.25  18.87    0.2    166   4.65   49.7   7.74    735  14.22  12.14      6   0.08    0.1  0.904   1.11    764      -N  10.6    0.0 
09:00:00     -0.27  19.22    0.2    166   4.90   52.8   7.78    741  14.32  12.23      6   0.08    0.1  0.905   1.11    764      -N  10.6    0.0 
10:00:00     -0.28  19.57    0.2    165   5.17   56.1   7.79    745  14.41  12.30      6   0.08    0.1  0.905   1.11    764      -N  10.6    0.0 
11:00:00     -0.27  19.60    0.2    165   5.19   56.3   7.77    747  14.44  12.33      6   0.08    0.1  0.905   1.11    764      -N  10.6    0.0 
12:00:00     -0.27  19.84    0.2    165   5.37   58.6   7.76    752  14.54  12.41      6   0.08    0.1  0.906   1.11    764      -N  10.6    0.0 
13:00:00     -0.27  20.26    0.2    165   5.69   62.6   7.77    757  14.63  12.49      6   0.08    0.1  0.906   1.11    764      -N  10.6    0.0 
14:00:00     -0.28  21.12    0.2    166   6.37   71.2   7.76    763  14.75  12.60      6   0.08    0.1  0.906   1.11    764      -N  10.6    0.0 
15:00:00     -0.30  21.76    0.2    166   6.88   78.0   7.78    770  14.88  12.71      6   0.08    0.1  0.907   1.11    764      -N  10.6    0.0 
16:00:00     -0.29  20.79    0.2    166   6.11   67.9   7.78    765  14.80  12.63      6   0.08    0.1  0.907   1.11    764      -N  10.6    0.0 
17:00:00     -0.29  20.74    0.2    166   6.07   67.4   7.85    763  14.76  12.60      6   0.08    0.1  0.906   1.11    764      -N  10.6    0.0 
18:00:00     -0.29  21.16    0.2    166   6.40   71.6   7.81    764  14.77  12.61      6   0.08    0.1  0.907   1.11    764      -N  10.6    0.0 
19:00:00     -0.30  21.43    0.2    166   6.61   74.5   7.80    765  14.79  12.63      6   0.08    0.1  0.907   1.11    764      -N  10.6    0.0 
20:00:00     -0.30  20.97    0.2    166   6.25   69.7   7.83    762  14.73  12.58      6   0.08    0.1  0.907   1.11    764      -N  10.6    0.0 
21:00:00     -0.30  20.37    0.2    166   5.78   63.7   7.89    758  14.66  12.51      6   0.08    0.1  0.906   1.11    764      -N  10.5    0.0 
22:00:00     -0.28  19.90    0.2    166   5.41   59.1   7.93    754  14.59  12.46      6   0.08    0.1  0.906   1.11    764      -N  10.5    0.0 
23:00:00     -0.28  20.09    0.2    166   5.56   61.0   7.85    753  14.57  12.44      6   0.08    0.1  0.906   1.11    764      -N  10.5    0.0 
00:00:00     -0.29  19.81    0.2    166  60.00# 900.0#  7.89    751  14.53  12.41      6   0.08    0.1  0.905   1.11    764      -N  10.5    0.0 
01:00:00     -0.31  19.50    0.2    166  60.00# 900.0#  7.91    748  14.47  12.36      6   0.08    0.1  0.905   1.11    764      -N  10.5    0.0 
02:00:00     -0.29  19.46    0.2    165  60.00# 900.0#  7.83    748  14.46  12.34      6   0.08    0.1  0.905   1.11    764      -N  10.5    0.0 
03:00:00     -0.30  19.38    0.2    165  60.00# 900.0#  7.83    746  14.43  12.32      6   0.08    0.1  0.905   1.11    764      -N  10.5    0.0 
04:00:00     -0.30  19.23    0.2    165  60.00# 900.0#  7.82    745  14.40  12.30      6   0.08    0.1  0.905   1.11    764      -N  10.5    0.0 
05:00:00     -0.29  19.17    0.2    165   4.86   52.4   7.81    745  14.40  12.29      6   0.08    0.1  0.905   1.11    764      -N  10.5    0.0 
06:00:00     -0.30  19.34    0.2    166   5.00   54.0   7.87    746  14.42  12.31      6   0.08    0.1  0.905   1.11    764      -N  10.5    0.0 
07:00:00     -0.30  19.83    0.2    165   5.36   58.5   7.82    750  14.50  12.38      6   0.08    0.1  0.905   1.11    764      -N  10.5    0.0 
08:00:00     -0.32  19.82    0.2    166   5.36   58.4   7.83    750  14.50  12.38      6   0.08    0.1  0.905   1.11    764      -N  10.5    0.0 
09:00:00     -0.32  19.61    0.2    164  60.00# 900.0#  7.81    748  14.47  12.35      6   0.08    0.1  0.905   1.11    764      -N  10.4    0.0 
10:00:00     -0.30  19.74    0.2    165   5.29   57.6   7.83    749  14.49  12.37      6   0.08    0.1  0.905   1.11    764      -N  10.5    0.0 
11:00:00     -0.31  19.88    0.2    165  60.00# 900.0#  7.84    751  14.52  12.40      6   0.08    0.1  0.905   1.11    764      -N  10.5    0.0 
12:00:00     -0.32  20.30    0.2    165  60.00# 900.0#  7.91    755  14.59  12.46      6   0.08    0.1  0.906   1.11    764      -N  10.5    0.0 
13:00:00     -0.32  20.23    0.2    165  60.00# 900.0#  7.87    756  14.62  12.48      6   0.08    0.1  0.906   1.11    764      -N  10.5    0.0 
14:00:00     -0.30  20.27    0.2    164  60.00# 900.0#  7.87    757  14.63  12.49      6   0.08    0.1  0.906   1.11    764      -N  10.5    0.0 
15:00:00     -0.29  20.41    0.2    165  60.00# 900.0#  7.90    758  14.66  12.51      6   0.08    0.1  0.906   1.11    764      -N  10.4    0.0 
16:00:00     -0.32  20.65    0.2    165  60.00# 900.0#  7.91    759  14.68  12.53      6   0.08    0.1  0.906   1.11    764      -N  10.5    0.0 
17:00:00     -0.31  20.67    0.2    163  60.00# 900.0#  7.92    760  14.69  12.54      6   0.08    0.1  0.906   1.11    764      -N  10.4    0.0 
18:00:00     -0.32  20.47    0.2    164  60.00# 900.0#  7.97    759  14.67  12.53      6   0.08    0.1  0.906   1.11    764      -N  10.4    0.0 
19:00:00     -0.32  20.57    0.2    163  60.00# 900.0#  7.98    759  14.68  12.53      6   0.08    0.1  0.906   1.11    764      -N  10.4    0.0 
20:00:00     -0.33  20.83    0.2    163   6.14   68.3   7.95    758  14.66  12.52      6   0.08    0.1  0.906   1.11    764      -N  10.4    0.0 
21:00:00     -0.32  20.60    0.2    163   5.95   65.9   7.98    755  14.60  12.46      6   0.08    0.1  0.906   1.11    764      -N  10.4    0.0 
22:00:00     -0.32  20.51    0.2    163  60.00# 900.0#  7.95    754  14.58  12.45      6   0.08    0.1  0.906   1.11    764      -N  10.4    0.0 
23:00:00     -0.32  20.40    0.2    163  60.00# 900.0#  7.95    754  14.58  12.45      6   0.08    0.1  0.906   1.11    764      -N  10.4    0.0 
00:00:00     -0.31  20.32    0.2    163  60.00# 900.0#  7.93    754  14.58  12.45      6   0.08    0.1  0.906   1.11    764      -N  10.4    0.0 
01:00:00     -0.30  20.28    0.2    162  60.00# 900.0#  7.92    755  14.60  12.47      6   0.08    0.1  0.906   1.11    764      -N  10.4    0.0 
02:00:00     -0.32  20.25    0.2    162   5.68   62.5   7.93    754  14.59  12.45      6   0.08    0.1  0.906   1.11    764      -N  10.4    0.0 
03:00:00     -0.31  20.19    0.2    163   5.64   62.0   7.92    754  14.58  12.45      6   0.08    0.1  0.906   1.11    764      -N  10.4    0.0 
04:00:00     -0.30  20.16    0.2    163   5.61   61.6   7.91    754  14.57  12.44      6   0.08    0.1  0.906   1.11    764      -N  10.4    0.0 
05:00:00     -0.30  20.16    0.2    162  60.00# 900.0#  7.88    752  14.54  12.41      6   0.08    0.1  0.906   1.11    764      -N  10.4    0.0 
06:00:00     -0.31  20.17    0.2    162  60.00# 900.0#  7.90    751  14.53  12.41      6   0.08    0.1  0.906   1.11    764      -N  10.4    0.0 
07:00:00     -0.31  20.24    0.2    162  60.00# 900.0#  7.83    751  14.52  12.39      6   0.08    0.1  0.906   1.11    764      -N  10.4    0.0 
08:00:00     -0.31  20.26    0.2    162  60.00# 900.0#  7.91    751  14.52  12.40      6   0.08    0.1  0.906   1.11    764      -N  10.4    0.0 
09:00:00     -0.32  20.37    0.2    163   5.78   63.7   7.94    753  14.56  12.43      6   0.08    0.1  0.906   1.11    764      -N  10.4    0.0 
10:00:00     -0.31  20.51    0.2    162   5.89   65.1   7.93    754  14.59  12.46      6   0.08    0.1  0.906   1.11    764      -N  10.4    0.0 
11:00:00     -0.31  20.73    0.2    163   6.06   67.3   7.94    756  14.62  12.48      6   0.08    0.1  0.906   1.11    764      -N  10.4    0.0 
12:00:00     -0.31  20.83    0.2    161   6.14   68.3   7.93    761  14.71  12.56      6   0.08    0.1  0.906   1.11    764      -N  10.4    0.0 
13:00:00     -0.29  20.96    0.2    159  60.00# 900.0#  7.98    763  14.75  12.59      6   0.08    0.1  0.907   1.11    764      -N  10.4    0.0 
14:00:00     -0.32  21.16    0.2    161  60.00# 900.0#  7.98    766  14.81  12.64      6   0.08    0.1  0.907   1.11    764      -N  10.4    0.0 
15:00:00     -0.31  21.05    0.2    160  60.00# 900.0#  8.02    764  14.77  12.61      6   0.08    0.1  0.907   1.11    764      -N  10.4    0.0 
16:00:00     -0.30  21.31    0.2    160  60.00# 900.0#  8.01    764  14.77  12.61      6   0.08    0.1  0.907   1.11    764      -N  10.4    0.0 
17:00:00     -0.30  21.69    0.2    160  60.00# 900.0#  8.00    765  14.80  12.63      6   0.08    0.1  0.907   1.11    764      -N  10.4    0.0 
18:00:00     -0.31  21.58    0.2    159  60.00# 900.0#  8.04    765  14.79  12.62      6   0.08    0.1  0.907   1.11    764      -N  10.4    0.0 
19:00:00     -0.30  21.46    0.2    160  60.00# 900.0#  8.03    764  14.77  12.61      6   0.08    0.1  0.907   1.11    764      -N  10.4    0.0 
20:00:00     -0.29  21.28    0.2    160  60.00# 900.0#  8.03    766  14.81  12.65      6   0.08    0.1  0.907   1.11    764      -N  10.4    0.0 
21:00:00     -0.30  21.03    0.2    159  60.00# 900.0#  8.05    763  14.76  12.60      6   0.08    0.1  0.907   1.11    764      -N  10.4    0.0 
22:00:00     -0.29  20.95    0.2    158  60.00# 900.0#  7.98    759  14.67  12.53      6   0.08    0.1  0.907   1.11    764      -N  10.4    0.0 
23:00:00     -0.30  20.96    0.2    159  60.00# 900.0#  7.97    756  14.63  12.49      6   0.08    0.1  0.907   1.11    764      -N  10.4    0.0 
00:00:00     -0.32  20.99    0.2    158  60.00# 900.0#  7.96    755  14.60  12.46      6   0.08    0.1  0.907   1.11    764      -N  10.4    0.0 
01:00:00     -0.32  20.91    0.2    158  60.00# 900.0#  7.93    753  14.56  12.43      6   0.08    0.1  0.907   1.11    764      -N  10.4    0.0 
02:00:00     -0.32  20.82    0.2    158  60.00# 900.0#  7.98    751  14.52  12.40      6   0.08    0.1  0.906   1.11    764      -N  10.4    0.0 
03:00:00     -0.31  20.70    0.2    158  60.00# 900.0#  7.98    750  14.51  12.39      6   0.08    0.1  0.906   1.11    764      -N  10.4    0.0 
04:00:00     -0.31  20.61    0.2    158  60.00# 900.0#  7.96    752  14.55  12.42      6   0.08    0.1  0.906   1.11    764      -N  10.4    0.0 
05:00:00     -0.31  20.49    0.2    160  60.00# 900.0#  7.98    752  14.55  12.42      6   0.08    0.1  0.906   1.11    764      -N  10.4    0.0 
06:00:00     -0.31  20.31    0.2    160  60.00# 900.0#  7.96    753  14.55  12.43      6   0.08    0.1  0.906   1.11    764      -N  10.4    0.0 
07:00:00     -0.29  20.21    0.2    154  60.00# 900.0#  7.95    754  14.57  12.44      6   0.08    0.1  0.906   1.11    764      -N  10.4    0.0 
08:00:00     -0.31  20.18    0.2    157  60.00# 900.0#  7.97    753  14.56  12.43      6   0.08    0.1  0.906   1.11    764      -N  10.4    0.0 
09:00:00     -0.30  20.22    0.2    157  60.00# 900.0#  7.97    751  14.53  12.41      6   0.08    0.1  0.906   1.11    764      -N  10.4    0.0 
10:00:00     -0.29  20.39    0.2    157  60.00# 900.0#  8.00    751  14.52  12.40      6   0.08    0.1  0.906   1.11    764      -N  10.4    0.0 
11:00:00     -0.31  20.63    0.2    156  60.00# 900.0#  8.00    755  14.60  12.46      6   0.08    0.1  0.906   1.11    764      -N  10.4    0.0 
12:00:00     -0.31  20.69    0.2    155  60.00# 900.0#  8.03    758  14.66  12.52      6   0.08    0.1  0.906   1.11    764      -N  10.4    0.0 
13:00:00     -0.32  20.64    0.2    154  60.00# 900.0#  8.07    759  14.68  12.53      7   0.08    0.1  0.906   1.11    764      -N  10.4    0.0 
14:00:00     -0.30  20.86    0.2    155  60.00# 900.0#  8.08    761  14.71  12.56      6   0.08    0.1  0.906   1.11    764      -N  10.4    0.0 
15:00:00     -0.33  21.06    0.2    153  60.00# 900.0#  8.09    764  14.77  12.61      7   0.08    0.1  0.907   1.11    764      -N  10.4    0.0 
16:00:00     -0.33  21.04    0.2    155  60.00# 900.0#  8.10    765  14.79  12.63      6   0.08    0.1  0.907   1.11    764      -N  10.3    0.0 
17:00:00     -0.34  20.88    0.2    154  60.00# 900.0#  8.12    764  14.78  12.61      6   0.08    0.1  0.907   1.11    764      -N  10.3    0.0 
18:00:00     -0.34  20.72    0.1    144  60.00# 900.0#  8.13    764  14.77  12.60      7   0.07    0.1  0.906   1.11    764      -N  10.3    0.0 
19:00:00     -0.33  20.57    0.2    157  60.00# 900.0#  8.15    762  14.73  12.58      6   0.08    0.1  0.906   1.11    764      -N  10.3    0.0 
20:00:00     -0.34  20.89    0.2    152  60.00# 900.0#  8.12    760  14.69  12.55      7   0.08    0.1  0.906   1.11    764      -N  10.3    0.0 
21:00:00     -0.35  20.84    0.2    152  60.00# 900.0#  8.11    756  14.62  12.48      7   0.07    0.1  0.907   1.11    764      -N  10.3    0.0 
22:00:00     -0.34  20.51    0.2    152  60.00# 900.0#  8.10    752  14.54  12.41      7   0.07    0.1  0.906   1.11    764      -N  10.3    0.0 
23:00:00     -0.34  20.36    0.1    150  60.00# 900.0#  8.08    750  14.51  12.39      7   0.07    0.1  0.906   1.11    764      -N  10.3    0.0 
00:00:00     -0.34  20.25    0.1    148  60.00# 900.0#  8.06    750  14.50  12.38      7   0.07    0.1  0.906   1.11    764      -N  10.3    0.0 
01:00:00     -0.33  20.17    0.1    147  60.00# 900.0#  8.00    749  14.49  12.37      7   0.07    0.1  0.906   1.11    764      -N  10.3    0.0 
02:00:00     -0.33  20.10    0.1    148  60.00# 900.0#  8.05    750  14.51  12.39      7   0.07    0.1  0.906   1.11    764      -N  10.3    0.0 
03:00:00     -0.33  20.02    0.1    145  60.00# 900.0#  8.04    753  14.57  12.44      7   0.07    0.1  0.905   1.11    764      -N  10.3    0.0 
04:00:00     -0.36  20.08    0.1    133  60.00# 900.0#  8.03    754  14.58  12.45      8   0.07    0.1  0.906   1.10    764      -N  10.3    0.0 
05:00:00     -0.36  20.08    0.1    142  60.00# 900.0#  7.99    754  14.57  12.44      7   0.07    0.1  0.906   1.10    764      -N  10.3    0.0 
06:00:00     -0.34  20.01    0.1    147  60.00# 900.0#  7.99    752  14.54  12.42      7   0.07    0.1  0.906   1.10    764      -N  10.3    0.0 
07:00:00     -0.38  19.98    0.1    130   5.48   59.9   7.97    752  14.55  12.42      8   0.06    0.1  0.906   1.10    764      -N  10.3    0.0 
08:00:00     -0.37  20.01    0.1    137  60.00# 900.0#  7.99    752  14.54  12.42      7   0.07    0.1  0.906   1.10    764      -N  10.2    0.0 
09:00:00     -0.35  20.22    0.1    136  60.00# 900.0#  7.99    753  14.56  12.43      7   0.07    0.1  0.906   1.10    764      -N  10.2    0.0 
10:00:00     -0.37  20.30    0.1    141  60.00# 900.0#  8.02    754  14.59  12.45      7   0.07    0.1  0.906   1.10    764      -N  10.2    0.0 
11:00:00     -0.36  20.27    0.1    133  60.00# 900.0#  8.06    756  14.61  12.48      8   0.07    0.1  0.906   1.10    764      -N  10.3    0.0 
12:00:00     -0.35  20.29    0.2    165  60.00# 900.0#  8.04    756  14.62  12.48      6   0.08    0.1  0.906   1.10    764      -N  10.2    0.0 
13:00:00     -0.37  20.29    0.2    165  60.00# 900.0#  8.04    757  14.63  12.49      6   0.08    0.1  0.906   1.10    764      -N  10.2    0.0 
14:00:00     -0.37  20.31    0.2    164  60.00# 900.0#  8.09    756  14.61  12.48      6   0.08    0.1  0.906   1.10    764      -N  10.2    0.0 
15:00:00     -0.37  20.37    0.2    164  60.00# 900.0#  8.08    755  14.60  12.46      6   0.08    0.1  0.906   1.10    764      -N  10.2    0.0 
16:00:00     -0.39  20.42    0.2    164  60.00# 900.0#  8.09    756  14.62  12.48      6   0.08    0.1  0.906   1.10    764      -N  10.2    0.0 
17:00:00     -0.36  20.58    0.2    164  60.00# 900.0#  8.09    758  14.65  12.51      6   0.08    0.1  0.906   1.10    764      -N  10.2    0.0 
18:00:00     -0.38  20.65    0.2    163  60.00# 900.0#  8.11    758  14.65  12.51      6   0.08    0.1  0.906   1.10    764      -N  10.2    0.0 
19:00:00     -0.38  20.59    0.2    164  60.00# 900.0#  8.14    757  14.63  12.49      6   0.08    0.1  0.906   1.10    764      -N  10.2    0.0 
20:00:00     -0.37  20.57    0.2    164  60.00# 900.0#  8.09    755  14.59  12.46      6   0.08    0.1  0.906   1.10    764      -N  10.2    0.0 
21:00:00     -0.38  20.53    0.2    163  60.00# 900.0#  8.06    752  14.55  12.42      6   0.08    0.1  0.906   1.10    764      -N  10.2    0.0 
22:00:00     -0.38  20.52    0.2    163  60.00# 900.0#  8.10    751  14.52  12.40      6   0.08    0.1  0.906   1.10    764      -N  10.2    0.0 
23:00:00     -0.38  20.49    0.2    163  60.00# 900.0#  8.13    750  14.51  12.39      6   0.08    0.1  0.906   1.10    764      -N  10.2    0.0 
00:00:00     -0.38  20.47    0.2    163  60.00# 900.0#  8.07    751  14.52  12.40      6   0.08    0.1  0.906   1.10    764      -N  10.2    0.0 
01:00:00     -0.38  20.45    0.2    163  60.00# 900.0#  8.00    749  14.49  12.37      6   0.08    0.1  0.906   1.10    764      -N  10.2    0.0 
02:00:00     -0.36  20.42    0.2    163  60.00# 900.0#  8.05    748  14.47  12.36      6   0.08    0.1  0.906   1.10    764      -N  10.2    0.0 
03:00:00     -0.38  20.43    0.2    163  60.00# 900.0#  8.06    748  14.46  12.35      6   0.08    0.1  0.906   1.10    764      -N  10.2    0.0 
04:00:00     -0.37  20.38    0.2    164  60.00# 900.0#  8.02    746  14.43  12.32      6   0.08    0.1  0.906   1.10    764      -N  10.2    0.0 
05:00:00     -0.38  20.37    0.2    163  60.00# 900.0#  8.05    745  14.41  12.31      6   0.08    0.1  0.906   1.10    764      -N  10.2    0.0 
06:00:00     -0.36  20.36    0.2    162  60.00# 900.0#  8.06    749  14.48  12.37      6   0.08    0.1  0.906   1.10    764      -N  10.2    0.0 
07:00:00     -0.38  20.39    0.2    163  60.00# 900.0#  8.06    752  14.54  12.41      6   0.08    0.1  0.906   1.10    764      -N  10.2    0.0 
08:00:00     -0.36  20.36    0.2    162  60.00# 900.0#  8.05    752  14.55  12.42      6   0.08    0.1  0.906   1.10    764      -N  10.2    0.0 
09:00:00     -0.33  20.43    0.2    162   5.83   64.3   8.06    753  14.57  12.44      6   0.08    0.1  0.906   1.11    764      -N  10.2    0.0 
10:00:00     -0.32  20.55    0.2    154   5.91   65.4   8.04    755  14.60  12.46      6   0.08    0.1  0.906   1.11    764      -N  10.2    0.0 
11:00:00     -0.36  20.67    0.2    163   6.01   66.7   8.07    756  14.62  12.49      6   0.08    0.1  0.906   1.10    764      -N  10.2    0.0 
12:00:00     -0.35  20.74    0.2    163   6.07   67.4   8.08    757  14.64  12.50      6   0.08    0.1  0.906   1.11    764      -N  10.2    0.0 
13:00:00     -0.32  20.81    0.2    162   6.12   68.1   8.09    758  14.66  12.52      6   0.08    0.1  0.906   1.11    764      -N  10.2    0.0 
14:00:00     -0.34  20.82    0.2    163   6.13   68.1   8.11    758  14.66  12.51      6   0.08    0.1  0.907   1.11    764      -N  10.2    0.0 
15:00:00     -0.35  20.90    0.2    163   6.19   69.0   8.13    759  14.67  12.52      6   0.08    0.1  0.907   1.11    764      -N  10.2    0.0 
16:00:00     -0.33  20.97    0.2    165   6.25   69.7   8.13    759  14.68  12.53      6   0.08    0.1  0.907   1.11    764      -N  10.2    0.0 
17:00:00     -0.33  21.01    0.2    164   6.28   70.1   8.14    759  14.68  12.54      6   0.08    0.1  0.907   1.11    764      -N  10.2    0.0 
18:00:00     -0.37  21.09    0.2    164   6.34   70.9   8.15    760  14.69  12.54      6   0.08    0.1  0.907   1.10    764      -N  10.2    0.0 
19:00:00     -0.37  21.04    0.2    164   6.31   70.4   8.17    759  14.67  12.53      6   0.08    0.1  0.907   1.10    764      -N  10.2    0.0 
20:00:00     -0.34  21.00    0.2    164   6.28   70.1   8.17    757  14.64  12.50      6   0.08    0.1  0.907   1.11    764      -N  10.2    0.0 
21:00:00     -0.35  20.85    0.2    164   6.15   68.5   8.16    756  14.63  12.49      6   0.08    0.1  0.907   1.11    764      -N  10.2    0.0 
22:00:00     -0.35  20.81    0.2    164   6.12   68.1   8.04    754  14.59  12.45      6   0.08    0.1  0.906   1.11    764      -N  10.1    0.0 
23:00:00     -0.34  20.76    0.2    164   6.08   67.6   7.96    750  14.50  12.38      6   0.08    0.1  0.906   1.11    764      -N  10.1    0.0 
00:00:00     -0.32  20.74    0.2    164   6.07   67.4   8.09    749  14.48  12.36      6   0.08    0.1  0.906   1.11    764      -N  10.1    0.0 
01:00:00     -0.35  20.68    0.2    164   6.02   66.7   8.03    748  14.46  12.35      6   0.08    0.1  0.906   1.11    764      -N  10.1    0.0 
02:00:00     -0.36  20.66    0.2    164   6.01   66.6   8.10    753  14.56  12.43      6   0.08    0.1  0.906   1.10    764      -N  10.1    0.0 
03:00:00     -0.36  20.64    0.2    163   5.99   66.4   8.05    751  14.53  12.41      6   0.08    0.1  0.906   1.10    764      -N  10.1    0.0 
04:00:00     -0.36  20.59    0.2    163   5.94   65.8   8.07    752  14.55  12.43      6   0.08    0.1  0.906   1.10    764      -N  10.1    0.0 
05:00:00     -0.34  20.54    0.2    162   5.91   65.4   8.06    752  14.55  12.42      6   0.08    0.1  0.906   1.11    764      -N  10.1    0.0 
06:00:00     -0.37  20.53    0.2    163   5.90   65.3   8.06    751  14.53  12.40      6   0.08    0.1  0.906   1.10    764      -N  10.1    0.0 
07:00:00     -0.35  20.52    0.2    161   5.89   65.1   8.05    751  14.52  12.40      6   0.08    0.1  0.906   1.10    764      -N  10.1    0.0 
08:00:00     -0.35  20.45    0.2    162   5.84   64.5   8.03    750  14.50  12.38      6   0.08    0.1  0.906   1.10    764      -N  10.1    0.0 
09:00:00     -0.35  20.47    0.2    163   5.85   64.6   8.01    750  14.50  12.38      6   0.08    0.1  0.906   1.10    764      -N  10.1    0.0 
10:00:00     -0.38  20.45    0.2    164   5.84   64.5   8.02    749  14.49  12.37      6   0.08    0.1  0.906   1.10    764      -N  10.1    0.0 
11:00:00     -0.37  20.42    0.2    164   5.81   64.1   8.00    748  14.47  12.35      6   0.08    0.1  0.906   1.10    764      -N  10.1    0.0 
12:00:00     -0.39  20.41    0.2    164   5.81   64.1   7.98    748  14.46  12.35      6   0.08    0.1  0.906   1.10    764      -N  10.1    0.0 
13:00:00     -0.41  20.36    0.2    164   5.77   63.6   7.99    747  14.45  12.34      6   0.08    0.1  0.906   1.10    764      -N  10.1    0.0 
14:00:00     -0.40  20.36    0.2    164   5.77   63.6   7.99    747  14.45  12.34      6   0.08    0.1  0.906   1.10    764      -N  10.1    0.0 
15:00:00     -0.39  20.36    0.2    164   5.77   63.6   8.01    747  14.44  12.34      6   0.08    0.1  0.906   1.10    764      -N  10.1    0.0 
16:00:00     -0.49  16.63    0.0      0   3.05   31.1   6.92    717  13.87  11.85   7503   0.01    0.0  0.902   1.08    764      -N  10.1    0.0 
17:00:00     -0.38  17.23    0.0     16   3.47   35.9   6.72    725  14.01  11.97     62   0.01    0.0  0.902   1.09    764      -N  10.1    0.0 
18:00:00     -0.41  16.80    0.0     23   3.17   32.5   6.71    724  13.99  11.95     43   0.02    0.0  0.902   1.09    764      -N  10.1    0.0 
19:00:00     -0.42  16.87    0.0      0   3.22   33.0   6.84    723  13.98  11.94   7500   0.01    0.0  0.902   1.09    764      -N  10.1    0.0 
20:00:00      0.07  20.62    0.0      0   5.97   66.1   6.96    754  14.59  12.46      0   0.01    0.0  0.905   1.14    764      -N  10.1    0.0 
21:00:00      0.01  20.10    0.0      0   5.57   61.0   6.66    752  14.54  12.42      0   0.01    0.0  0.905   1.14    764      -N  10.1    0.0 
22:00:00     -0.01  19.85    0.0      0   5.38   58.7   6.75    751  14.51  12.39      0   0.01    0.0  0.905   1.13    764      -N  10.1    0.0 
23:00:00     -0.02  19.64    0.0      0   5.22   56.7   6.75    749  14.49  12.37      0   0.01    0.0  0.905   1.13    764      -N  10.1    0.0 
00:00:00     -0.02  19.45    0.0      0   5.08   55.0   6.69    748  14.46  12.35      0   0.01    0.0  0.905   1.13    764      -N  10.1    0.0 
01:00:00     -0.01  19.31    0.0      0   4.97   53.6   6.66    747  14.45  12.34      0   0.01    0.0  0.905   1.13    764      -N  10.1    0.0 
02:00:00     -0.03  19.21    0.0      0   4.90   52.8   6.65    747  14.45  12.34      0   0.01    0.0  0.905   1.13    764      -N  10.1    0.0 
03:00:00     -0.03  19.18    0.0      0   4.87   52.5   6.64    748  14.46  12.34   7456   0.01    0.0  0.905   1.13    764      -N  10.1    0.0 
04:00:00     -0.03  19.16    0.0      0   4.87   52.4   6.63    748  14.46  12.35      0   0.01    0.0  0.905   1.13    764      -N  10.1    0.0 
05:00:00     -0.03  19.18    0.0      0   4.87   52.5   6.60    748  14.47  12.35      0   0.01    0.0  0.905   1.13    764      -N  10.1    0.0 
06:00:00     -0.03  19.25    0.0      0   4.93   53.2   6.55    749  14.47  12.36   7454   0.01    0.0  0.905   1.13    764      -N  10.1    0.0 
07:00:00     -0.03  19.40    0.0      0   5.04   54.5   6.54    749  14.48  12.37   7450   0.01    0.0  0.905   1.13    764      -N  10.1    0.0 
08:00:00     -0.02  19.61    0.0     43   5.20   56.4   6.48    753  14.56  12.43     23   0.03    0.0  0.905   1.13    764      -N  10.1    0.0 
09:00:00     -0.01  20.17    0.0     44   5.62   61.7   6.62    756  14.61  12.48     23   0.03    0.0  0.906   1.14    764      -N  10.1    0.0 
10:00:00      0.02  20.73    0.0     44   6.06   67.3   6.71    758  14.65  12.51     23   0.03    0.0  0.907   1.14    764      -N  10.1    0.0 
11:00:00      0.05  21.17    0.0     45   6.41   71.8   6.77    759  14.68  12.53     22   0.03    0.0  0.907   1.14    764      -N  10.1    0.0 
12:00:00      0.05  21.51    0.0     45   6.69   75.4   6.80    760  14.70  12.55     22   0.03    0.0  0.907   1.14    764      -N  10.1    0.0 
13:00:00      0.06  21.77    0.0     45   6.89   78.1   6.83    761  14.72  12.57     22   0.03    0.0  0.908   1.15    764      -N  10.1    0.0 
14:00:00      0.07  21.95    0.0     45   7.04   80.0   6.85    762  14.73  12.58     22   0.03    0.0  0.908   1.15    764      -N  10.1    0.0 
15:00:00      0.06  22.08    0.0     45   7.15   81.5   6.86    762  14.74  12.58     22   0.03    0.0  0.908   1.15    764      -N  10.1    0.0 
16:00:00      0.07  22.16    0.0     45   7.22   82.4   6.86    762  14.74  12.59     22   0.03    0.0  0.908   1.15    764      -N  10.1    0.0 
17:00:00      0.07  22.21    0.0     46   7.26   83.0   6.86    762  14.74  12.59     22   0.03    0.0  0.908   1.15    764      -N  10.1    0.0 
18:00:00      0.10  22.25    0.0     46   7.29   83.4   6.85    762  14.75  12.59     22   0.03    0.0  0.908   1.15    764      -N  10.1    0.0 
